camera_matrix:
- - 1422.9007103159531
  - 0.0
  - 171.14150681149462
- - 0.0
  - 1397.1436207762783
  - 205.45060456964518
- - 0.0
  - 0.0
  - 1.0
dist_coeff:
- - -0.6799914222375671
  - 3.864209545752204
  - 0.024095739112944943
  - -0.021371994437917295
  - 1.4795345283839256
